Cadence Lowe 66 3
27 60
27 60
24 45
Aidan Hatmaker 70.75 5
6 40
9 180
10 25
21 15
25 90
Jonathan Easter 75 5
10 140
11 150
18 64
21 36
24 219
Noah Gray 69.0 2
24 110
25 35
Cesar Avalos 67 7
24 120
24 48
24 32
24 120
24 25
24 30
24 37
Cale Williams 74 5
26 80
26 70
26 75
26 30
26 100
Phan Thai 71 5
6 37
10 45
19 70
26 32
3 48
Shu Yamada 69.6 2
26 60
25 60
Brandon	Burkart 70 9
26 60
21 90
25 300
21 90
26 60
21 90
25 300
26 60
26 60
Adarsh	Muralidharan	72	8
2 60
21 45
21 45
21 45
21 30
22 60
22 60
22 60
John Tuck 75 4
18 60
24 180
24 240
10 45
Tyger Jones 71 5
24 180
25 60
21 30
15 30
22 20
Ethan Kilcollins 72 2
6 120
24 374
Allison Hurst 64 5
24 45
25 37
24 65
24 43
24 15
Cindy Arnold 62.5 5
26 58
27 75
25 67
21 65
26 60
Krishiv Patel 52 6
2 75
7 120
10 120
12 30
18 60
26 120
Thaddaeus Smith 66.5 4
15 135
24 155
6 70
21 25
Justin Dowe 72 6
26 90
2 60
26 90
16 40
26 90
2 60
Clarence Aderes 71 4
4 115
6 75
15 160
2 140
Zachery Brewster 70 6
26 45
25 20
15 15
26 40
15 15
25 15
Justin Walker 70 3
1 90
23 90
24 450
Micah Mustaleski 70.7 4
9 75
16 30
18 40
26 90
Dane Blake 72 2
26 120
24 200
Felton Christopher 67 3
24 60
15 20
10 30
Brody Edwards 68 4
26       540
12       180
10       60
25       15
Colin	Tarkington 71 3
26	80
26	65
26	65
Kenneth	Hinman 72 7
15	45
15	120
15	25
15	55
15	60
15	54
15	25
Ainslee Davenport 71 5
10 45
22 56
18 30
24 60
21 30
Justin 	Hortopanu 68 5
15	60
2	25
10	60
6	240
24	90
Cameron Little 71 4 
26 15
25 120 
18 60
10 60
Emma Queener 69 8
25	30
10	20
25	30
25	15
25	30
27	30
27	30
25	30
Paul Rider 72 3
6 1290
12 120
24 60
Andy Wong 69 4
6 120
24 260
26 180
21 40
David	Fields	70	4
24	115		
25	118		
25	224		
24	106		
Alex	Worthington	71	12
24	20		
26	40		
24	20		
26	40		
24	20		
26	40		
24	20		
26	40		
24	20		
26	40		
24	20		
26	40
Alexander	Slavov	75	6
24	60		
25	60		
19	90		
24	60		
24	60		
26	90		
Connor	VanRijn	74.5	7
25	45		
10	30		
6	15		
25	25		
21	5		
26	10		
25	15		
Moamen	Ahmed	74	5
2	30		
24	60		
9	30		
6	15		
24	30		
Monty Kammona 69 14
26	66
25	60
26	54
25	60
26	55
26	65
26	15
25	60
26	61
25	60
26	45
26	61
26	75
26	52
Delany Schaffer 73 4
6 85
21 35
24 75
25 50
